A:
        19          1         11         10          4 
        11         19         15          2          2 
         5         17         13          7         16 
        10          7         12         19         17 
        19          8          4          4         16 
x:    -0.225      0.109      0.253      0.198     0.0993 
c:         1          4          7          7          0 
Ax:         1          4          7          7   5.12e-13 
A inverse times A:
         1  -1.87e-12  -1.95e-12  -1.58e-12  -1.99e-12 
 -1.03e-11          1  -9.13e-12  -7.34e-12  -9.59e-12 
  1.36e-11   1.15e-11          1   9.67e-12   1.28e-11 
 -1.14e-11  -9.61e-12  -1.01e-11          1  -1.06e-11 
  7.33e-12   6.18e-12   6.47e-12   5.18e-12          1 
