     0.031      2.51225224
     0.094      1.78683250
     0.156      1.40079097
     0.219      1.12763953
     0.281      0.91517539
     0.344      0.74203863
     0.406      0.59713727
     0.469      0.47386621
     0.531      0.36792220
     0.594      0.27631695
     0.656      0.19687393
     0.719      0.12794816
     0.781      0.06825914
     0.844      0.01678574
     0.906     -0.02730275
     0.969     -0.06469367
     1.031     -0.09596402
     1.094     -0.12160425
     1.156     -0.14203577
     1.219     -0.15762421
     1.281     -0.16868946
     1.344     -0.17551354
     1.406     -0.17834675
     1.469     -0.17741263
     1.531     -0.17291193
     1.594     -0.16502582
     1.656     -0.15391858
     1.719     -0.13973978
     1.781     -0.12262616
     1.844     -0.10270315
     1.906     -0.08008621
     1.969     -0.05488194
     2.031     -0.02718906
     2.094      0.00290080
     2.156      0.03530234
     2.219      0.06993599
     2.281      0.10672734
     2.344      0.14560667
     2.406      0.18650855
     2.469      0.22937143
     2.531      0.27413733
     2.594      0.32075151
     2.656      0.36916226
     2.719      0.41932064
     2.781      0.47118022
     2.844      0.52469698
     2.906      0.57982905
     2.969      0.63653660
     3.031      0.69478169
     3.094      0.75452815
     3.156      0.81574141
     3.219      0.87838848
     3.281      0.94243778
     3.344      1.00785906
     3.406      1.07462335
     3.469      1.14270286
     3.531      1.21207090
     3.594      1.28270186
     3.656      1.35457107
     3.719      1.42765484
     3.781      1.50193033
     3.844      1.57737555
     3.906      1.65396928
     3.969      1.73169108
     4.031      1.81052118
     4.094      1.89044051
     4.156      1.97143064
     4.219      2.05347373
     4.281      2.13655253
     4.344      2.22065034
     4.406      2.30575098
     4.469      2.39183880
     4.531      2.47889857
     4.594      2.56691558
     4.656      2.65587552
     4.719      2.74576450
     4.781      2.83656905
     4.844      2.92827606
     4.906      3.02087279
     4.969      3.11434687
     5.031      3.20868625
     5.094      3.30387921
     5.156      3.39991435
     5.219      3.49678054
     5.281      3.59446698
     5.344      3.69296311
     5.406      3.79225865
     5.469      3.89234357
     5.531      3.99320811
     5.594      4.09484273
     5.656      4.19723810
     5.719      4.30038515
     5.781      4.40427500
     5.844      4.50889897
     5.906      4.61424861
     5.969      4.72031562
     6.031      4.82709193
     6.094      4.93456961
     6.156      5.04274092
     6.219      5.15159831
     6.281      5.26113434
     6.344      5.37134179
     6.406      5.48221355
     6.469      5.59374266
     6.531      5.70592233
     6.594      5.81874588
     6.656      5.93220678
     6.719      6.04629863
     6.781      6.16101515
     6.844      6.27635019
     6.906      6.39229771
     6.969      6.50885181
     7.031      6.62600667
     7.094      6.74375660
     7.156      6.86209602
     7.219      6.98101943
     7.281      7.10052146
     7.344      7.22059681
     7.406      7.34124030
     7.469      7.46244684
     7.531      7.58421141
     7.594      7.70652909
     7.656      7.82939505
     7.719      7.95280454
     7.781      8.07675289
     7.844      8.20123552
     7.906      8.32624790
     7.969      8.45178561
     8.031      8.57784428
     8.094      8.70441961
     8.156      8.83150740
     8.219      8.95910347
     8.281      9.08720375
     8.344      9.21580421
     8.406      9.34490090
     8.469      9.47448991
     8.531      9.60456742
     8.594      9.73512964
     8.656      9.86617286
     8.719      9.99769341
     8.781     10.12968769
     8.844     10.26215215
     8.906     10.39508327
     8.969     10.52847762
     9.031     10.66233180
     9.094     10.79664245
     9.156     10.93140627
     9.219     11.06662002
     9.281     11.20228048
     9.344     11.33838449
     9.406     11.47492894
     9.469     11.61191075
     9.531     11.74932689
     9.594     11.88717437
     9.656     12.02545024
     9.719     12.16415159
     9.781     12.30327555
     9.844     12.44281929
     9.906     12.58278001
     9.969     12.72315496
    10.031     12.86394141
    10.094     13.00513669
    10.156     13.14673814
    10.219     13.28874314
    10.281     13.43114911
    10.344     13.57395350
    10.406     13.71715379
    10.469     13.86074749
    10.531     14.00473215
    10.594     14.14910535
    10.656     14.29386468
    10.719     14.43900778
    10.781     14.58453232
    10.844     14.73043598
    10.906     14.87671649
    10.969     15.02337158
    11.031     15.17039903
    11.094     15.31779665
    11.156     15.46556224
    11.219     15.61369368
    11.281     15.76218882
    11.344     15.91104557
    11.406     16.06026186
    11.469     16.20983562
    11.531     16.35976484
    11.594     16.51004749
    11.656     16.66068161
    11.719     16.81166523
    11.781     16.96299640
    11.844     17.11467321
    11.906     17.26669376
    11.969     17.41905618
    12.031     17.57175860
    12.094     17.72479919
    12.156     17.87817614
    12.219     18.03188764
    12.281     18.18593192
    12.344     18.34030721
    12.406     18.49501178
    12.469     18.65004390
    12.531     18.80540187
    12.594     18.96108400
    12.656     19.11708862
    12.719     19.27341408
    12.781     19.43005874
    12.844     19.58702097
    12.906     19.74429919
    12.969     19.90189179
    13.031     20.05979722
    13.094     20.21801391
    13.156     20.37654031
    13.219     20.53537492
    13.281     20.69451622
    13.344     20.85396270
    13.406     21.01371290
    13.469     21.17376534
    13.531     21.33411857
    13.594     21.49477115
    13.656     21.65572166
    13.719     21.81696868
    13.781     21.97851083
    13.844     22.14034670
    13.906     22.30247493
    13.969     22.46489416
    14.031     22.62760305
    14.094     22.79060025
    14.156     22.95388445
    14.219     23.11745433
    14.281     23.28130860
    14.344     23.44544597
    14.406     23.60986517
    14.469     23.77456493
    14.531     23.93954399
    14.594     24.10480113
    14.656     24.27033510
    14.719     24.43614469
    14.781     24.60222869
    14.844     24.76858590
    14.906     24.93521513
    14.969     25.10211521
    15.031     25.26928496
    15.094     25.43672324
    15.156     25.60442889
    15.219     25.77240078
    15.281     25.94063777
    15.344     26.10913875
    15.406     26.27790261
    15.469     26.44692825
    15.531     26.61621457
    15.594     26.78576051
    15.656     26.95556498
    15.719     27.12562691
    15.781     27.29594527
    15.844     27.46651899
    15.906     27.63734704
    15.969     27.80842839
    16.031     27.97976201
    16.094     28.15134691
    16.156     28.32318206
    16.219     28.49526647
    16.281     28.66759916
    16.344     28.84017914
    16.406     29.01300544
    16.469     29.18607709
    16.531     29.35939314
    16.594     29.53295263
    16.656     29.70675461
    16.719     29.88079816
    16.781     30.05508234
    16.844     30.22960623
    16.906     30.40436892
    16.969     30.57936950
    17.031     30.75460706
    17.094     30.93008071
    17.156     31.10578957
    17.219     31.28173275
    17.281     31.45790938
    17.344     31.63431859
    17.406     31.81095951
    17.469     31.98783131
    17.531     32.16493311
    17.594     32.34226409
    17.656     32.51982340
    17.719     32.69761022
    17.781     32.87562372
    17.844     33.05386307
    17.906     33.23232748
    17.969     33.41101613
    18.031     33.58992822
    18.094     33.76906296
    18.156     33.94841955
    18.219     34.12799721
    18.281     34.30779517
    18.344     34.48781265
    18.406     34.66804887
    18.469     34.84850309
    18.531     35.02917454
    18.594     35.21006247
    18.656     35.39116614
    18.719     35.57248479
    18.781     35.75401771
    18.844     35.93576414
    18.906     36.11772338
    18.969     36.29989469
    19.031     36.48227736
    19.094     36.66487068
    19.156     36.84767393
    19.219     37.03068643
    19.281     37.21390746
    19.344     37.39733635
    19.406     37.58097239
    19.469     37.76481491
    19.531     37.94886322
    19.594     38.13311665
    19.656     38.31757453
    19.719     38.50223620
    19.781     38.68710098
    19.844     38.87216824
    19.906     39.05743730
    19.969     39.24290752
    20.031     39.42857826
    20.094     39.61444888
    20.156     39.80051873
    20.219     39.98678719
    20.281     40.17325363
    20.344     40.35991742
    20.406     40.54677795
    20.469     40.73383459
    20.531     40.92108673
    20.594     41.10853376
    20.656     41.29617508
    20.719     41.48401008
    20.781     41.67203817
    20.844     41.86025876
    20.906     42.04867124
    20.969     42.23727505
    21.031     42.42606958
    21.094     42.61505426
    21.156     42.80422852
    21.219     42.99359178
    21.281     43.18314348
    21.344     43.37288304
    21.406     43.56280990
    21.469     43.75292351
    21.531     43.94322331
    21.594     44.13370874
    21.656     44.32437926
    21.719     44.51523432
    21.781     44.70627337
    21.844     44.89749589
    21.906     45.08890132
    21.969     45.28048914
    22.031     45.47225882
    22.094     45.66420982
    22.156     45.85634163
    22.219     46.04865373
    22.281     46.24114559
    22.344     46.43381670
    22.406     46.62666655
    22.469     46.81969462
    22.531     47.01290042
    22.594     47.20628343
    22.656     47.39984316
    22.719     47.59357912
    22.781     47.78749079
    22.844     47.98157770
    22.906     48.17583934
    22.969     48.37027525
    23.031     48.56488492
    23.094     48.75966788
    23.156     48.95462365
    23.219     49.14975176
    23.281     49.34505172
    23.344     49.54052308
    23.406     49.73616535
    23.469     49.93197808
    23.531     50.12796080
    23.594     50.32411305
    23.656     50.52043437
    23.719     50.71692431
    23.781     50.91358241
    23.844     51.11040822
    23.906     51.30740129
    23.969     51.50456118
    24.031     51.70188745
    24.094     51.89937964
    24.156     52.09703733
    24.219     52.29486007
    24.281     52.49284743
    24.344     52.69099898
    24.406     52.88931428
    24.469     53.08779292
    24.531     53.28643446
    24.594     53.48523849
    24.656     53.68420457
    24.719     53.88333229
    24.781     54.08262124
    24.844     54.28207100
    24.906     54.48168116
    24.969     54.68145130
    25.031     54.88138103
    25.094     55.08146992
    25.156     55.28171758
    25.219     55.48212361
    25.281     55.68268761
    25.344     55.88340917
    25.406     56.08428790
    25.469     56.28532341
    25.531     56.48651531
    25.594     56.68786320
    25.656     56.88936670
    25.719     57.09102542
    25.781     57.29283898
    25.844     57.49480699
    25.906     57.69692907
    25.969     57.89920485
    26.031     58.10163394
    26.094     58.30421598
    26.156     58.50695059
    26.219     58.70983739
    26.281     58.91287602
    26.344     59.11606612
    26.406     59.31940730
    26.469     59.52289922
    26.531     59.72654151
    26.594     59.93033380
    26.656     60.13427574
    26.719     60.33836697
    26.781     60.54260714
    26.844     60.74699588
    26.906     60.95153286
    26.969     61.15621771
    27.031     61.36105009
    27.094     61.56602966
    27.156     61.77115606
    27.219     61.97642895
    27.281     62.18184799
    27.344     62.38741284
    27.406     62.59312316
    27.469     62.79897861
    27.531     63.00497886
    27.594     63.21112357
    27.656     63.41741241
    27.719     63.62384504
    27.781     63.83042114
    27.844     64.03714038
    27.906     64.24400243
    27.969     64.45100696
    28.031     64.65815366
    28.094     64.86544220
    28.156     65.07287225
    28.219     65.28044351
    28.281     65.48815564
    28.344     65.69600834
    28.406     65.90400128
    28.469     66.11213416
    28.531     66.32040666
    28.594     66.52881847
    28.656     66.73736929
    28.719     66.94605879
    28.781     67.15488668
    28.844     67.36385265
    28.906     67.57295640
    28.969     67.78219762
    29.031     67.99157601
    29.094     68.20109127
    29.156     68.41074311
    29.219     68.62053121
    29.281     68.83045530
    29.344     69.04051507
    29.406     69.25071022
    29.469     69.46104047
    29.531     69.67150553
    29.594     69.88210510
    29.656     70.09283890
    29.719     70.30370664
    29.781     70.51470803
    29.844     70.72584278
    29.906     70.93711062
    29.969     71.14851126
