0 1
0.0827112954749065 0.9587247781592
0.163832827370349 0.918576515869528
0.244478161851414 0.879249424699601
0.325188566702996 0.840726986549277
0.406300306493741 0.803104639697706
0.48808347458745 0.766525440648382
0.570798861791352 0.731157827329239
0.654725961457026 0.697189723044322
0.740182659592071 0.664829610545053
0.82754581502712 0.634311520350202
0.917278870251672 0.605903595726444
1.00765104208516 0.580529010821424
1.09663605835424 0.558915109747414
1.18378169823248 0.541153897699634
1.26920763448933 0.527144110098363
1.35320055468242 0.516751002514713
1.43607043565729 0.509854293661742
1.51810784366502 0.506357950785195
1.59957698480826 0.506188890093579
1.68072002806908 0.509293512527127
1.76176420893897 0.51563464717253
1.84292914814659 0.525189456464723
1.92443391816925 0.537948312605596
2.00650411186593 0.553914578406143
2.08937944747659 0.573105291043512
2.17332264451521 0.595552864808389
2.25863059529355 0.621308095702023
2.34564937958566 0.650445008023181
2.43479565135005 0.683068525129408
2.52658883647484 0.719326777346871
2.6177097840547 0.757700565167472
2.70704164673542 0.797320633412403
2.79449197639243 0.837722948416995
2.88030533781866 0.878628460033875
2.96480376179719 0.919836827205848
3.04830181894162 0.961179534379395
3.13108601791269 1.0025000369508
3.21346704816973 1.04367095272758
3.29648260229617 1.08493322887331
3.38064213177437 1.12624828536351
3.46626940293356 1.16745699073522
3.55363347182905 1.20833762404128
3.64300364807383 1.24862536403449
3.73467812531966 1.2880163247508
3.82900593974972 1.32616450035052
3.92641164522865 1.36267413047672
4.02552170299762 1.39647194525125
4.12267494500405 1.42601309178437
4.21700170256788 1.45103617991634
4.30865806071178 1.47169035144238
4.39808097133438 1.48820122356413
4.48572883473021 1.50077081453182
4.5720102626987 1.50955853632724
4.65727643434109 1.51468511248278
4.74183129767742 1.5162405312499
4.82594458435929 1.51429090943232
4.9098635460393 1.50888340128075
4.9938228950229 1.50004937287964
5.07805345357897 1.4878061957953
5.16279024337797 1.47215790552987
5.24828079549146 1.45309481951073
5.33479455168643 1.43059205020137
5.42263446545132 1.40460666076803
5.51215241114909 1.37507294171202
5.60377098716599 1.34189483773372
5.69801622319518 1.30493371811981
5.79556967501792 1.2639879842487
5.89467397485562 1.21997879155901
5.99198553126191 1.17480505352153
6.08654813823399 1.12944443638619
6.17832291576966 1.08442063458679
6.26756515683563 1.04004975631548
6.35459352984494 0.99655300512
6.43978929551537 0.954068298826413
6.52429880726885 0.912319614579936
6.60869562564109 0.87131053851041
6.69334354208492 0.83115439939228
6.77853545466913 0.792011729430162
6.86455095865887 0.754068456367544
6.95168495140512 0.717530137006606
7.0402676139678 0.682623112172104
7.13068487389549 0.649599563811079
7.22340529250168 0.618746108165811
7.31872045728129 0.590480293630342
7.41308710383844 0.566188747245659
7.50549759255226 0.546168294560241
7.59592973210706 0.53034951204038
7.68467575058827 0.518578931611409
7.77209331669533 0.510709397089971
7.85852659012618 0.506621762563676
7.94428904508834 0.506225608241681
8.02966646212545 0.509455159431576
8.11492536433068 0.516265245352148
8.20032227545504 0.526628445324233
8.28611278687672 0.540533532021641
8.3725606714028 0.557985136909362
8.45994776306343 0.579004638918372
8.54858565068054 0.603632447824218
8.63883069960944 0.631932107998059
8.7311047717154 0.663997056501781
8.82592567568728 0.699961603181969
8.92229096717656 0.739316849420131
9.01737323599059 0.780570022891298
9.11046752683745 0.82293687603383
9.2016601676466 0.865984129851776
9.29127528243642 0.909434219631074
9.37967595091841 0.953073985211787
9.46720445391695 0.996715066558315
9.55417189843299 1.04017716596801
9.64172137494077 1.08370510001188
9.73049228769524 1.1272757634162
9.82087942362095 1.17071039019565
9.91320416705516 1.21375001016016
10.0077862052598 1.25608080942213
10.104980983563 1.29733926182059
10.2052088517798 1.3371078014316
10.308988690262 1.37490409806002
10.4132115634216 1.40900543202061
10.5148948548735 1.43820791362872
10.6135167267058 1.46241308258173
10.7093981494645 1.48183820161309
10.8030576670703 1.49673530260402
10.8950004101063 1.50731559711826
10.9856681223049 1.51374048665199
11.0754407348953 1.51612932558167
11.1646508430248 1.51456873349593
11.2535991060333 1.50911980908692
11.3425677874625 1.49982293079659
11.4318325318397 1.48670054042746
11.5216732637653 1.46975827751959
11.612385306602 1.4489846317224
11.7042919963315 1.42434903974106
11.7977604525734 1.39579805995665
11.8932229872065 1.36324882739807
11.9912082872325 1.32657824556573
12.0923899213808 1.28560491266915
12.1976671880818 1.24005762661505
12.3022734350003 1.19233584227209
12.4041177260033 1.14399927993809
12.5028082240535 1.09586076031826
12.5985462573321 1.04837855624613
12.6916923878617 1.00184981664606
12.7826181257422 0.956495950185406
12.8726611265084 0.912010196129224
12.9625384506398 0.868384506177183
13.0526982283482 0.825750987266678
13.1434978032505 0.784302563643815
13.235278066188 0.744265468891636
13.3284011127347 0.705892348295594
13.4232776095903 0.669464515230447
13.5203962132554 0.635299761970443
13.6203640940373 0.603765750689504
13.7215018609099 0.575927477827599
13.8210940712288 0.552781958551621
13.9185344782449 0.534454109425548
14.0139853220662 0.520808245205521
14.1078296498674 0.511668685661226
14.2004791776717 0.506883651895798
14.2923196101962 0.50633674985371
14.3837039230472 0.509944078425368
14.474960426849 0.517649132966947
14.5664044617419 0.529418823104898
14.6583506770066 0.545241246691435
14.751125744534 0.565125242007204
14.8450824779385 0.58910177161615
14.9406170388294 0.617227458551743
15.0381918542147 0.649591050608003
15.1383686186658 0.686324378691987
15.2418593290331 0.727620905645191
15.3446602808062 0.771584558324809
15.4453462787139 0.817045323842112
15.5438302725368 0.863373045376417
15.6404570715166 0.91018664923404
15.7356642350394 0.957209399772411
15.829875129091 1.00420447886309
15.9235744869948 1.05099658807292
16.0181252768815 1.09785710879289
16.1142171191323 1.14469349361459
16.2123083329562 1.1912488079094
16.312797994176 1.23717324401377
16.4161026655296 1.28204592129681
16.5227027694495 1.32537552205186
16.633186429098 1.36658938935802
16.7461499973432 1.40433764898508
16.8567778277171 1.43655600224496
16.9639711703159 1.46292648776812
17.0679868390208 1.48367211930808
17.169433927943 1.49909972455
17.2689340498597 1.50947101550354
17.3670354359203 1.51498337452078
17.4642097332605 1.51577898732723
17.5608703395283 1.51195725677371
17.6573932218413 1.50358440110187
17.7541357313706 1.49069959128561
17.8514535272852 1.47331813119967
17.9497170706245 1.45143212183452
18.0493296684062 1.42500868481899
18.1507496705786 1.39398533106934
18.2545207019703 1.35826135528495
18.3613165262824 1.31768291066563
18.4720130395499 1.27201693534289
18.586816921031 1.22135615899638
18.6999970732948 1.16874901168156
18.8097850809749 1.11581663539905
18.9160038807935 1.06341457432118
19.018996885285 1.01203800517024
19.1192251826535 0.962018193284408
19.2180914901058 0.913140865712132
19.3166522719987 0.865339980001486
19.4155387871196 0.81876862942944
19.5152378192011 0.773675197412748
19.6162085525818 0.730360454732755
19.7189422884828 0.689167187381935
19.8240072698286 0.650484802016567
19.9320996355766 0.614763892089494
20.043880188624 0.582605234107493
20.1545332994693 0.555943248479268
20.2627485092868 0.53515688191871
20.3685733107919 0.520120219586017
20.4724714685543 0.510609499900135
20.5749817897744 0.506426031628838
20.6766174898725 0.507420855018522
20.7778506563462 0.513491953506186
20.8791233780452 0.524576906997005
20.9808659692176 0.540647255127998
21.0835171236026 0.561705861346831
21.1875460996522 0.587787487048718
21.2934793698672 0.618962973814621
21.4019361864882 0.65534819614149
21.5136808899588 0.697120404731112
21.629139973211 0.744306707014131
21.7433940576011 0.794426497168657
21.855148004168 0.846126544750215
21.9644962378603 0.898662226038488
22.0719500029235 0.951563912470508
22.1780897209906 1.00447164337202
22.2835832487925 1.05712061870727
22.3902174996943 1.10981715254371
22.4989222152841 1.16239238577372
22.6103419889779 1.21445104287705
22.7250642011021 1.26545781538095
22.8437291456473 1.31475871503429
22.9671091725355 1.36157186715209
23.0956249187838 1.40477736253893
23.221882372898 1.44104192522045
23.3440569850629 1.4697685552034
23.4624271403334 1.49123122974296
23.5778230013092 1.50583782171347
23.6911022432663 1.5139259935592
23.8030226424967 1.51573594488072
23.9142414269161 1.51142618338483
24.0253465370792 1.50109254861544
24.1368917066313 1.48478156666433
24.2494299497886 1.46249746915157
24.3635473349043 1.43420351917791
24.4799017862853 1.3998176333013
24.5992744186175 1.35920086325285
24.7226463400093 1.3121348124835
24.8513264870948 1.25827889910411
24.9847228224781 1.19822969921769
25.1159171830369 1.13598081771634
25.2429226262401 1.07369502813968
25.3656934272482 1.01252491522521
25.4847862394015 0.953147170606972
25.6022764805867 0.895342371469343
25.7197056753344 0.839120815726209
25.8380608134663 0.784799265216228
25.9581649017673 0.732845874282238
26.0808562918607 0.683833904678873
26.2071050520988 0.638444501289268
26.3381361734944 0.597500835536721
26.4729209184277 0.562655893632017
26.6061563614818 0.536063828102095
26.7367209087376 0.518030290603948
26.8650264133872 0.508345270145644
26.9919122768298 0.506758193293241
27.1182792740176 0.513100842159238
27.2450072663857 0.527301731187332
27.372970266606 0.549377787067709
27.503085455222 0.579428717585614
27.6363819690166 0.617641208614196
27.7740973744438 0.664307195082084
27.9178284343423 0.719864414118927
28.0672147521767 0.783825505518464
28.2156937270877 0.8523059104057
28.3619797797665 0.923114675599173
28.5067416658775 0.994984525110278
28.6512171159953 1.0670219277146
28.7991641166386 1.13957428214944
28.953137284074 1.21211987200119
29.1153610583946 1.28346407888878
29.2884264482044 1.35179904776535
29.4759367496045 1.41452533118988
29.6710092902455 1.46506688423276
29.8683543482277 1.49906068402596
30 1.51151076391715
