0 1
0.1 0.950083333333333
0.205341948723052 0.898049601873001
0.31310991592917 0.845992278189128
0.422477897233952 0.794992587676251
0.533488817625497 0.745735670468044
0.646566367372522 0.698784339359889
0.762355664891766 0.654699458645249
0.881709770684308 0.614104221649689
1.00576237492866 0.57773849446833
1.12993141829251 0.547838564553412
1.25173094953173 0.525271646434573
1.37095616238944 0.509992635857292
1.48814745740481 0.50175358638718
1.60401216997619 0.500327040824271
1.71924945810864 0.505554394585258
1.83452083262002 0.517344940231385
1.95046803099651 0.535666718885396
2.06774596070577 0.560540592684514
2.18706362900867 0.592040358176131
2.30923643388269 0.630300388951225
2.43526052465615 0.675533848285279
2.56643135249289 0.728068730729766
2.69917804830071 0.785986290150889
2.82985556018059 0.846683102102892
2.95795720712193 0.908726414561373
3.08405067591256 0.971261779296798
3.20897310758116 1.03366811369754
3.3346178201321 1.09590282034771
3.46304290770958 1.15794340007139
3.59554911285397 1.21921614690409
3.73327260350805 1.2788118138501
3.87747174985468 1.33553099047173
4.02974830187973 1.38784135326887
4.18330969374218 1.43149749460148
4.33308644398074 1.46430020376085
4.4788340179283 1.48624415155564
4.62178562448822 1.49775271109161
4.76343022347917 1.49914051387307
4.90520601707147 1.49051795519244
5.04850313615445 1.47180187587965
5.19476226409619 1.44272938342542
5.3456187193667 1.40284748520199
5.50310993318263 1.35146568596988
5.67001984913004 1.28754773242805
5.85054872815025 1.20947906877738
6.04389982562137 1.11839092983036
6.24160483624372 1.020726900141
6.3 0.991556418837222
