0.015625 0.017629489782642
0.03125 0.0352503738673228
0.046875 0.0528540591564437
0.0625 0.0704319777223871
0.078125 0.0879755993157521
0.09375 0.105476443781779
0.109375 0.122926093354843
0.125 0.140316204801323
0.140625 0.15763852138165
0.15625 0.174884884602973
0.171875 0.192047245734576
0.1875 0.209117677058987
0.203125 0.22608838283261
0.21875 0.242951709930683
0.234375 0.259700158152431
0.25 0.276326390163403
0.265625 0.292823241053206
0.28125 0.309183727488094
0.296875 0.32540105643922
0.3125 0.341468633468753
0.328125 0.357380070557475
0.34375 0.37312919345897
0.359375 0.388710048567041
0.375 0.404116909284517
0.390625 0.41934428188322
0.40625 0.43438691084641
0.421875 0.449239783686683
0.4375 0.463898135233859
0.453125 0.478357451389045
0.46875 0.492613472342637
0.484375 0.506662195255623
0.5 0.520499876405131
0.515625 0.534123032796691
0.53125 0.547528443247218
0.546875 0.560713148944188
0.5625 0.573674453487925
0.578125 0.586409922425311
0.59375 0.598917382284573
0.609375 0.611194919122074
0.625 0.623240876593296
0.640625 0.635053853561321
0.65625 0.646632701257269
0.671875 0.657976520008123
0.6875 0.669084655548379
0.703125 0.679956694932804
0.71875 0.690592462068411
0.734375 0.700992012884485
0.75 0.711155630160127
0.765625 0.721083818029369
0.78125 0.730777296184398
0.796875 0.740236993797816
0.8125 0.749464043185205
0.828125 0.758459773229518
0.84375 0.767225702588959
0.859375 0.77576353271012
0.875 0.78407514066816
0.890625 0.792162571855739
0.90625 0.800028032542282
0.921875 0.807673882324964
0.9375 0.815102626492505
0.953125 0.822316908322564
0.96875 0.829319501333086
0.984375 0.836113301507539
1 0.84270131951343
1.015625 0.849086672932961
1.03125 0.855272578524059
1.046875 0.861261426653558
1.0625 0.867058270816102
1.078125 0.872665809522277
1.09375 0.878087576968061
1.109375 0.883327168626743
1.125 0.888388234027838
1.140625 0.893274469674848
1.15625 0.897989612114148
1.171875 0.902537431166445
1.1875 0.906921723331384
1.203125 0.911146305375001
1.21875 0.915215008108876
1.234375 0.919131670368933
1.25 0.922900133201011
1.265625 0.926524234259444
1.28125 0.930007802424055
1.296875 0.933354652640137
1.3125 0.936568580985182
1.328125 0.939653359965298
1.34375 0.942612734043534
1.359375 0.945450415401502
1.375 0.948170079935047
1.390625 0.950775363483928
1.40625 0.953269858294884
1.421875 0.95565710971674
1.4375 0.957940613125678
1.453125 0.960123811078138
1.46875 0.962210090688343
1.484375 0.964202781226872
1.5 0.966105151936274
1.515625 0.967920410059239
1.53125 0.969651699074457
1.546875 0.971302097134903
1.5625 0.972874615702978
1.578125 0.974372198376587
1.59375 0.975797719900008
1.609375 0.977153985353145
1.625 0.97844372951255
1.640625 0.979669616377446
1.65625 0.980834238853822
1.671875 0.981940118589559
1.6875 0.982989705953486
1.703125 0.983985380151181
1.71875 0.984929449470307
1.734375 0.985824151648307
1.75 0.986671654355238
1.765625 0.987474055784631
1.78125 0.988233385345285
1.796875 0.988951604447013
1.8125 0.989630607373446
1.828125 0.990272222235141
1.84375 0.990878211996354
1.859375 0.991450275569001
1.875 0.991990048967511
1.890625 0.992499106518413
1.90625 0.99297896211873
1.921875 0.993431070537414
1.9375 0.993856828754289
1.953125 0.994257577331149
1.96875 0.994634601809914
1.984375 0.994989542267566
2 0.995322790633595
2.015625 0.995635856377351
2.03125 0.995929819230342
2.046875 0.996205011469729
2.0625 0.996463750612122
2.078125 0.996706339909575
2.09375 0.996933676368089
2.109375 0.99714661501725
2.125 0.997345970346638
2.140625 0.997532517727905
2.15625 0.997706994820053
2.171875 0.997870102955682
2.1875 0.998022508506156
2.203125 0.998164844223839
2.21875 0.998297710559729
2.234375 0.998421676955001
2.25 0.998537283105144
2.265625 0.998645040195541
2.28125 0.9987454321075
2.296875 0.998838916593889
2.3125 0.998925926423672
2.328125 0.999006870494796
2.34375 0.999082134914977
2.359375 0.999152084050082
2.375 0.999217061539896
2.390625 0.999277391281186
2.40625 0.999333378378061
2.421875 0.999385310059731
2.4375 0.999433456565833
2.453125 0.999478071999599
2.46875 0.999519395149187
2.484375 0.999557650277572
2.5 0.999593047881457
2.515625 0.999625785419723
2.53125 0.999656048011953
2.546875 0.999684009107651
2.5625 0.999709831126791
2.578125 0.999733666072357
2.59375 0.999755656115583
2.609375 0.999775934154609
2.625 0.999794624347298
2.640625 0.999811842618966
2.65625 0.999827697145801
2.671875 0.999842288814734
2.6875 0.999855711660559
2.703125 0.999868053281078
2.71875 0.999879395231048
2.734375 0.999889813395724
2.75 0.99989937834476
2.765625 0.999908155667239
2.78125 0.999916206288591
2.796875 0.999923586770141
2.8125 0.999930349592028
2.828125 0.999936543420202
2.84375 0.999942213358216
2.859375 0.999947401184492
2.875 0.999952145575738
2.890625 0.999956482317163
2.90625 0.999960444500127
2.921875 0.999964062707843
2.9375 0.999967365189725
2.953125 0.999970378024959
2.96875 0.999973125275849
2.984375 0.999975629131485
